,tweet_id,favorites,retweets
0,666020888022790149,2532,500
1,666029285002620928,126,47
2,666033412701032449,123,43
3,666044226329800704,293,139
4,666049248165822465,106,42
5,666050758794694657,130,59
6,666051853826850816,1204,834
7,666055525042405380,428,236
8,666057090499244032,290,139
9,666058600524156928,109,57
10,666063827256086533,466,213
11,666071193221509120,143,59
12,666073100786774016,316,159
13,666082916733198337,114,44
14,666094000022159362,162,72
15,666099513787052032,151,66
16,666102155909144576,78,11
17,666104133288665088,14061,6411
18,666268910803644416,100,35
19,666273097616637952,171,76
20,666287406224695296,144,64
21,666293911632134144,491,346
22,666337882303524864,193,90
23,666345417576210432,288,132
24,666353288456101888,215,71
25,666362758909284353,761,562
26,666373753744588802,184,89
27,666396247373291520,164,84
28,666407126856765440,105,40
29,666411507551481857,437,323
30,666418789513326592,122,45
31,666421158376562688,313,111
32,666428276349472768,164,82
33,666430724426358785,312,195
34,666435652385423360,164,53
35,666437273139982337,124,48
36,666447344410484738,103,20
37,666454714377183233,517,208
38,666644823164719104,230,80
39,666649482315059201,1116,624
40,666691418707132416,186,47
41,666701168228331520,430,219
42,666739327293083650,236,66
43,666776908487630848,351,175
44,666781792255496192,387,194
45,666786068205871104,759,486
46,666804364988780544,240,94
47,666817836334096384,517,251
48,666826780179869698,254,97
49,666835007768551424,214,80
50,666837028449972224,818,554
51,666983947667116034,2547,986
52,666996132027977728,244,94
53,667012601033924608,445,225
54,667044094246576128,183,51
55,667062181243039745,217,55
56,667065535570550784,166,48
57,667073648344346624,402,122
58,667090893657276420,332,129
59,667119796878725120,330,128
60,667138269671505920,4608,2222
61,667152164079423490,47840,17207
62,667160273090932737,257,62
63,667165590075940865,2694,1147
64,667171260800061440,221,91
65,667174963120574464,245,84
66,667176164155375616,611,464
67,667177989038297088,192,55
68,667182792070062081,14372,6255
69,667188689915760640,745,420
70,667192066997374976,386,109
71,667200525029539841,617,262
72,667211855547486208,496,244
73,667369227918143488,368,166
74,667393430834667520,197,58
75,667405339315146752,467,221
76,667435689202614272,305,84
77,667437278097252352,451,242
78,667443425659232256,785,587
79,667453023279554560,314,91
80,667455448082227200,192,60
81,667470559035432960,258,100
82,667491009379606528,534,232
83,667495797102141441,521,274
84,667502640335572993,537,222
85,667509364010450944,6816,2154
86,667517642048163840,368,193
87,667524857454854144,1709,1123
88,667530908589760512,472,242
89,667534815156183040,822,549
90,667538891197542400,205,66
91,667544320556335104,873,531
92,667546741521195010,337,126
93,667549055577362432,5834,2319
94,667550882905632768,0,33
95,667550904950915073,0,35
96,667724302356258817,485,323
97,667728196545200128,379,152
98,667766675769573376,443,220
99,667773195014021121,237,57
100,667782464991965184,411,247
101,667793409583771648,704,336
102,667801013445750784,330,97
103,667806454573760512,1064,505
104,667832474953625600,292,63
105,667861340749471744,244,78
106,667866724293877760,3024,1050
107,667873844930215936,631,414
108,667878741721415682,395,122
109,667885044254572545,825,498
110,667886921285246976,1905,1112
111,667902449697558528,857,381
112,667911425562669056,494,310
113,667915453470232577,210,57
114,667924896115245057,306,113
115,667937095915278337,1280,807
116,668113020489474048,672,248
117,668142349051129856,572,293
118,668154635664932864,504,323
119,668171859951755264,498,201
120,668190681446379520,661,200
121,668204964695683073,558,200
122,668221241640230912,515,203
123,668226093875376128,302,105
124,668237644992782336,6277,2905
125,668248472370458624,1007,500
126,668256321989451776,1318,632
127,668268907921326080,560,243
128,668274247790391296,834,235
129,668286279830867968,510,141
130,668291999406125056,248,32
131,668297328638447616,626,304
132,668466899341221888,893,526
133,668480044826800133,468,152
134,668484198282485761,433,241
135,668496999348633600,420,135
136,668507509523615744,330,111
137,668528771708952576,468,232
138,668537837512433665,255,77
139,668542336805281792,468,221
140,668544745690562560,525,232
141,668567822092664832,248,57
142,668614819948453888,620,321
143,668620235289837568,205,44
144,668623201287675904,1451,790
145,668625577880875008,393,138
146,668627278264475648,323,118
147,668631377374486528,729,325
148,668633411083464705,2855,1686
149,668636665813057536,1056,500
150,668641109086707712,1091,552
151,668643542311546881,891,541
152,668645506898350081,906,547
153,668655139528511488,541,223
154,668779399630725120,712,380
155,668815180734689280,581,278
156,668826086256599040,441,141
157,668852170888998912,459,171
158,668872652652679168,533,307
159,668892474547511297,400,154
160,668902994700836864,322,103
161,668932921458302977,270,59
162,668955713004314625,284,73
163,668960084974809088,712,245
164,668975677807423489,1327,595
165,668979806671884288,805,356
166,668981893510119424,544,317
167,668986018524233728,563,172
168,668988183816871936,905,483
169,668989615043424256,690,337
170,668992363537309700,750,355
171,668994913074286592,446,238
172,669000397445533696,21131,6519
173,669006782128353280,586,257
174,669015743032369152,753,382
175,669037058363662336,667,321
176,669203728096960512,1013,490
177,669214165781868544,444,171
178,669216679721873412,1203,414
179,669324657376567296,503,213
180,669327207240699904,584,119
181,669328503091937280,1026,425
182,669351434509529089,445,192
183,669353438988365824,653,266
184,669354382627049472,2747,1301
185,669359674819481600,374,127
186,669363888236994561,634,235
187,669367896104181761,472,162
188,669371483794317312,505,185
189,669375718304980992,1356,750
190,669393256313184256,374,79
191,669564461267722241,392,128
192,669567591774625800,240,58
193,669571471778410496,1608,1043
194,669573570759163904,440,145
195,669583744538451968,1509,949
196,669597912108789760,519,154
197,669603084620980224,957,371
198,669625907762618368,3577,1855
199,669661792646373376,817,451
200,669680153564442624,679,296
201,669682095984410625,357,136
202,669683899023405056,395,114
203,669749430875258880,271,67
204,669753178989142016,827,411
205,669923323644657664,239,58
206,669926384437997569,381,107
207,669942763794931712,515,168
208,669970042633789440,307,62
209,669972011175813120,450,167
210,669993076832759809,329,86
211,670003130994700288,337,95
212,670037189829525505,596,285
213,670040295598354432,767,115
214,670046952931721218,654,181
215,670055038660800512,679,339
216,670061506722140161,777,351
217,670069087419133954,636,250
218,670073503555706880,1594,811
219,670079681849372674,2249,1272
220,670086499208155136,708,261
221,670093938074779648,1040,343
222,670290420111441920,714,293
223,670303360680108032,434,139
224,670319130621435904,3913,1249
225,670338931251150849,431,113
226,670361874861563904,334,69
227,670374371102445568,755,277
228,670385711116361728,568,217
229,670403879788544000,440,161
230,670408998013820928,563,231
231,670411370698022913,2049,921
232,670417414769758208,575,325
233,670420569653809152,634,322
234,670421925039075328,1328,650
235,670427002554466305,526,167
236,670428280563085312,1405,648
237,670433248821026816,332,115
238,670434127938719744,1424,661
239,670435821946826752,1066,530
240,670442337873600512,649,202
241,670444955656130560,6801,2029
242,670449342516494336,1208,683
243,670452855871037440,556,213
244,670465786746662913,979,564
245,670468609693655041,358,86
246,670474236058800128,1549,778
247,670668383499735048,10848,5165
248,670676092097810432,252,44
249,670679630144274432,755,290
250,670691627984359425,598,249
251,670704688707301377,775,381
252,670717338665226240,1226,507
253,670727704916926465,837,370
254,670733412878163972,977,524
255,670755717859713024,448,114
256,670764103623966721,1089,434
257,670778058496974848,330,74
258,670780561024270336,792,296
259,670782429121134593,1588,792
260,670783437142401025,833,405
261,670786190031921152,609,205
262,670789397210615808,671,246
263,670792680469889025,841,285
264,670797304698376195,745,243
265,670803562457407488,345,88
266,670804601705242624,1995,981
267,670807719151067136,1172,501
268,670811965569282048,1145,275
269,670815497391357952,3211,1575
270,670822709593571328,620,99
271,670823764196741120,790,197
272,670826280409919488,5629,4152
273,670832455012716544,746,224
274,670833812859932673,456,128
275,670838202509447168,1130,711
276,670840546554966016,601,198
277,670842764863651840,24907,8948
278,670995969505435648,1119,300
279,671109016219725825,1161,450
280,671115716440031232,1381,793
281,671122204919246848,3548,2586
282,671134062904504320,760,199
283,671138694582165504,941,414
284,671141549288370177,1180,671
285,671147085991960577,684,231
286,671151324042559489,681,158
287,671154572044468225,723,225
288,671159727754231808,379,84
289,671163268581498880,1686,1135
290,671166507850801152,888,360
291,671182547775299584,1140,352
292,671186162933985280,745,218
293,671347597085433856,966,439
294,671355857343524864,485,116
295,671357843010908160,406,150
296,671362598324076544,1126,301
297,671390180817915904,1439,750
298,671485057807351808,769,236
299,671486386088865792,584,210
300,671488513339211776,1024,479
301,671497587707535361,931,454
302,671504605491109889,7127,3630
303,671511350426865664,1630,742
304,671518598289059840,965,298
305,671520732782923777,1417,538
306,671528761649688577,852,265
307,671533943490011136,1032,591
308,671536543010570240,1195,420
309,671538301157904385,939,406
310,671542985629241344,1102,578
311,671544874165002241,2011,1072
312,671547767500775424,1366,611
313,671561002136281088,12988,7409
314,671729906628341761,8615,4462
315,671735591348891648,1473,776
316,671743150407421952,751,237
317,671744970634719232,1363,789
318,671763349865160704,1712,947
319,671768281401958400,1212,540
320,671789708968640512,7145,3576
321,671855973984772097,918,458
322,671866342182637568,1135,514
323,671874878652489728,1263,573
324,671879137494245376,1443,700
325,671882082306625538,3510,1409
326,671891728106971137,1347,585
327,671896809300709376,8582,4262
328,672068090318987265,1313,527
329,672082170312290304,952,375
330,672095186491711488,1012,376
331,672125275208069120,2440,1168
332,672139350159835138,1774,733
333,672160042234327040,882,367
334,672169685991993344,1038,378
335,672205392827572224,2292,1186
336,672222792075620352,795,216
337,672231046314901505,1860,1041
338,672239279297454080,908,329
339,672245253877968896,699,162
340,672248013293752320,1745,627
341,672254177670729728,1451,761
342,672256522047614977,2849,1595
343,672264251789176834,1158,347
344,672267570918129665,1525,629
345,672272411274932228,6541,3483
346,672466075045466113,1370,552
347,672475084225949696,1452,717
348,672481316919734272,727,128
349,672482722825261057,1152,621
350,672488522314567680,1129,450
351,672523490734551040,650,176
352,672538107540070400,1045,376
353,672591271085670400,741,189
354,672591762242805761,964,343
355,672594978741354496,1347,622
356,672604026190569472,1131,410
357,672609152938721280,1133,398
358,672614745925664768,1237,599
359,672622327801233409,1316,507
360,672640509974827008,985,330
361,672828477930868736,1269,505
362,672834301050937345,1332,585
363,672877615439593473,1048,380
364,672884426393653248,1577,852
365,672898206762672129,914,433
366,672902681409806336,1388,519
367,672964561327235073,1439,657
368,672968025906282496,1333,559
369,672970152493887488,962,365
370,672975131468300288,1711,939
371,672980819271634944,1843,1032
372,672984142909456390,1269,558
373,672988786805112832,995,301
374,672995267319328768,976,307
375,672997845381865473,2001,740
376,673148804208660480,1721,649
377,673213039743795200,2287,872
378,673240798075449344,1440,752
379,673270968295534593,1080,380
380,673295268553605120,7639,3252
381,673317986296586240,883,266
382,673320132811366400,13687,8191
383,673342308415348736,1295,605
384,673343217010679808,987,278
385,673345638550134785,2567,1318
386,673350198937153538,757,220
387,673352124999274496,1683,551
388,673355879178194945,1513,600
389,673359818736984064,1481,690
390,673363615379013632,1042,313
391,673576835670777856,1409,577
392,673580926094458881,849,275
393,673583129559498752,1211,379
394,673612854080196609,1615,742
395,673636718965334016,1129,372
396,673656262056419329,728,250
397,673662677122719744,1276,370
398,673680198160809984,1394,482
399,673686845050527744,1467,452
400,673688752737402881,1284,508
401,673689733134946305,1768,668
402,673697980713705472,3868,2019
403,673700254269775872,1462,591
404,673705679337693185,1276,411
405,673707060090052608,1112,404
406,673708611235921920,1096,299
407,673709992831262724,862,284
408,673711475735838725,1054,304
409,673715861853720576,3601,2156
410,673887867907739649,946,258
411,673906403526995968,3249,1669
412,673919437611909120,1190,378
413,673956914389192708,1985,999
414,674008982932058114,1222,366
415,674014384960745472,1591,671
416,674019345211760640,1156,309
417,674024893172875264,1818,1269
418,674036086168010753,863,221
419,674038233588723717,1126,425
420,674042553264685056,737,133
421,674045139690631169,1446,658
422,674051556661161984,1471,499
423,674053186244734976,3390,1347
424,674063288070742018,6489,2289
425,674075285688614912,996,298
426,674082852460433408,770,176
427,674255168825880576,1496,579
428,674262580978937856,1332,470
429,674265582246694913,1675,879
430,674269164442398721,919,232
431,674271431610523648,1598,754
432,674291837063053312,15032,6111
433,674318007229923329,1444,532
434,674372068062928900,864,322
435,674394782723014656,1529,595
436,674410619106390016,1227,482
437,674416750885273600,699,146
438,674422304705744896,1465,556
439,674436901579923456,1137,408
440,674447403907457024,1087,368
441,674468880899788800,6365,2138
442,674632714662858753,1537,601
443,674638615994089473,1718,603
444,674644256330530816,1052,278
445,674646392044941312,1467,519
446,674664755118911488,945,264
447,674670581682434048,1644,678
448,674690135443775488,1175,485
449,674737130913071104,662,96
450,674739953134403584,1137,410
451,674743008475090944,1440,577
452,674752233200820224,1492,485
453,674754018082705410,1392,466
454,674764817387900928,800,247
455,674767892831932416,1866,822
456,674774481756377088,1149,494
457,674781762103414784,2046,1253
458,674788554665512960,829,218
459,674790488185167872,1131,260
460,674793399141146624,2560,1134
461,674800520222154752,3073,893
462,674805413498527744,880,369
463,674999807681908736,2298,1145
464,675003128568291329,1593,491
465,675006312288268288,1010,236
466,675015141583413248,2782,1250
467,675047298674663426,1089,342
468,675109292475830276,2872,1181
469,675111688094527488,988,264
470,675113801096802304,1998,816
471,675135153782571009,1328,514
472,675145476954566656,2191,942
473,675146535592706048,1226,327
474,675147105808306176,965,252
475,675149409102012420,3837,1757
476,675153376133427200,6444,2729
477,675166823650848770,3709,1683
478,675334060156301312,2857,1351
479,675349384339542016,4015,2355
480,675354435921575936,33691,17953
481,675362609739206656,1078,239
482,675372240448454658,1741,531
483,675432746517426176,1567,595
484,675483430902214656,1898,1018
485,675489971617296384,1340,624
486,675497103322386432,3228,1357
487,675501075957489664,17596,6066
488,675517828909424640,1338,477
489,675522403582218240,1070,299
490,675531475945709568,1217,404
491,675534494439489536,1872,436
492,675706639471788032,663,102
493,675707330206547968,2037,728
494,675710890956750848,1942,865
495,675740360753160193,1200,363
496,675781562965868544,1666,495
497,675798442703122432,10535,3543
498,675820929667219457,1080,241
499,675822767435051008,1570,559
500,675845657354215424,2352,931
501,675853064436391936,2767,1360
502,675870721063669760,1691,600
503,675878199931371520,4299,1462
504,675888385639251968,2447,1004
505,675891555769696257,2197,910
506,675898130735476737,1682,599
507,676089483918516224,1356,451
508,676098748976615425,3097,1511
509,676101918813499392,2900,1217
510,676146341966438401,1983,701
511,676191832485810177,2350,1079
512,676215927814406144,1793,614
513,676219687039057920,77220,32538
514,676237365392908289,1263,308
515,676263575653122048,2141,578
516,676430933382295552,1442,362
517,676440007570247681,1777,696
518,676470639084101634,11982,4912
519,676496375194980353,1568,561
520,676533798876651520,1941,585
521,676575501977128964,2679,1182
522,676582956622721024,1246,293
523,676588346097852417,2405,842
524,676603393314578432,1206,406
525,676606785097199616,1942,460
526,676613908052996102,1123,206
527,676617503762681856,2999,1034
528,676776431406465024,5164,2107
529,676811746707918848,1459,445
530,676819651066732545,1863,701
531,676821958043033607,23846,16458
532,676864501615042560,2170,749
533,676897532954456065,2335,762
534,676936541936185344,13137,5171
535,676942428000112642,2143,799
536,676946864479084545,1768,399
537,676948236477857792,2250,918
538,676949632774234114,1347,421
539,676957860086095872,2291,850
540,676975532580409345,2876,1130
541,677187300187611136,2821,975
542,677228873407442944,3662,1729
543,677269281705472000,2068,742
544,677301033169788928,1284,433
545,677314812125323265,1699,567
546,677328882937298944,3764,1580
547,677331501395156992,1133,248
548,677334615166730240,1404,311
549,677530072887205888,1112,240
550,677547928504967168,7177,3849
551,677557565589463040,2531,1229
552,677565715327688705,1343,483
553,677573743309385728,2220,765
554,677644091929329666,1939,842
555,677662372920729601,2023,1027
556,677673981332312066,3464,1583
557,677687604918272002,2573,892
558,677698403548192770,1273,336
559,677700003327029250,3519,1529
560,677716515794329600,3169,1023
561,677895101218201600,5011,2227
562,677918531514703872,1399,433
563,678021115718029313,14297,6755
564,678255464182861824,1644,394
565,678278586130948096,11911,6437
566,678334497360859136,1351,275
567,678341075375947776,1796,569
568,678380236862578688,2536,964
569,678389028614488064,1944,445
570,678396796259975168,1656,444
571,678399652199309312,82265,33696
572,678410210315247616,4406,1934
573,678424312106393600,5627,2693
574,678446151570427904,4158,1663
575,678643457146150913,2138,448
576,678675843183484930,2987,1570
577,678740035362037760,3913,1802
578,678755239630127104,7422,3513
579,678764513869611008,1706,505
580,678767140346941444,3676,1453
581,678774928607469569,2913,975
582,678798276842360832,3621,1260
583,678800283649069056,2687,957
584,678969228704284672,1711,489
585,678991772295516161,2421,1252
586,679047485189439488,2346,723
587,679062614270468097,17776,8729
588,679111216690831360,6197,2719
589,679132435750195208,3089,1232
590,679148763231985668,2883,1098
591,679158373988876288,22376,8608
592,679462823135686656,33087,20044
593,679475951516934144,2182,682
594,679503373272485890,3283,1569
595,679511351870550016,3516,1350
596,679527802031484928,2762,769
597,679530280114372609,4973,2204
598,679722016581222400,1733,497
599,679729593985699840,2260,872
600,679736210798047232,2181,843
601,679777920601223168,3214,1187
602,679828447187857408,37844,14951
603,679844490799091713,2479,812
604,679854723806179328,2991,1310
605,679862121895714818,2566,663
606,679877062409191424,2055,686
607,680070545539371008,2690,934
608,680085611152338944,13373,9516
609,680100725817409536,3726,1454
610,680115823365742593,2832,967
611,680130881361686529,2387,1014
612,680145970311643136,3785,1861
613,680161097740095489,2425,783
614,680176173301628928,4073,1671
615,680191257256136705,2242,539
616,680206703334408192,2971,1255
617,680221482581123072,1518,306
618,680440374763077632,1517,537
619,680473011644985345,2663,796
620,680494726643068929,1793,513
621,680497766108381184,4429,2034
622,680583894916304897,3793,1434
623,680609293079592961,2756,757
624,680798457301471234,2985,1113
625,680801747103793152,2474,879
626,680836378243002368,3618,1419
627,680889648562991104,1843,391
628,680913438424612864,2497,659
629,680934982542561280,2171,468
630,680940246314430465,3367,1125
631,680959110691590145,4759,2133
632,680970795137544192,2541,710
633,681193455364796417,3882,1586
634,681231109724700672,2507,517
635,681242418453299201,1567,574
636,681261549936340994,1520,291
637,681281657291280384,3366,1174
638,681297372102656000,3345,1018
639,681302363064414209,4119,1951
640,681320187870711809,2773,806
641,681339448655802368,9716,4336
642,681523177663676416,14975,6187
643,681579835668455424,3708,1386
644,681610798867845120,1995,506
645,681654059175129088,2754,988
646,681679526984871937,1844,480
647,681694085539872773,13360,4317
648,681891461017812993,2576,881
649,681981167097122816,2917,1099
650,682003177596559360,3291,1635
651,682032003584274432,6884,2146
652,682047327939461121,3353,1027
653,682059653698686977,5189,1797
654,682242692827447297,3406,1257
655,682259524040966145,4363,1292
656,682303737705140231,3220,1067
657,682389078323662849,1740,498
658,682393905736888321,2345,729
659,682406705142087680,7940,1879
660,682429480204398592,3590,1244
661,682638830361513985,2151,645
662,682662431982772225,3186,1152
663,682697186228989953,1373,383
664,682750546109968385,1593,464
665,682788441537560576,2586,1190
666,682962037429899265,38680,17791
667,683030066213818368,2254,776
668,683078886620553216,2073,600
669,683098815881154561,2271,704
670,683111407806746624,3554,972
671,683142553609318400,3019,1111
672,683357973142474752,3073,998
673,683391852557561860,7968,2539
674,683449695444799489,4077,1718
675,683462770029932544,2540,713
676,683481228088049664,2761,1061
677,683498322573824003,3321,1027
678,683742671509258241,6801,3544
679,683773439333797890,3499,1446
680,683828599284170753,2927,1130
681,683834909291606017,2743,1185
682,683849932751646720,2744,1044
683,683852578183077888,2015,372
684,683857920510050305,3981,1190
685,684097758874210310,4298,1533
686,684122891630342144,2086,505
687,684177701129875456,2109,718
688,684188786104872960,3643,1252
689,684195085588783105,2009,552
690,684200372118904832,2265,1097
691,684222868335505415,4014,1465
692,684225744407494656,1291,227
693,684241637099323392,8530,3525
694,684460069371654144,2075,591
695,684481074559381504,4057,1244
696,684538444857667585,2772,1017
697,684567543613382656,3151,1310
698,684594889858887680,9349,3768
699,684800227459624960,2837,1061
700,684880619965411328,2205,872
701,684902183876321280,1969,567
702,684914660081053696,3670,1562
703,684926975086034944,3665,497
704,684940049151070208,3366,1114
705,684959798585110529,7129,3334
706,685169283572338688,4286,1512
707,685198997565345792,2439,707
708,685268753634967552,3240,1283
709,685307451701334016,2169,468
710,685315239903100929,3506,1152
711,685321586178670592,2767,684
712,685325112850124800,9925,4245
713,685532292383666176,3184,1228
714,685547936038666240,34529,16720
715,685641971164143616,3074,830
716,685663452032069632,3407,1562
717,685667379192414208,2451,609
718,685906723014619143,7872,3102
719,685943807276412928,1704,640
720,685973236358713344,2208,559
721,686003207160610816,1912,677
722,686007916130873345,2601,449
723,686034024800862208,3267,1239
724,686050296934563840,2308,776
725,686358356425093120,2305,724
726,686377065986265092,2322,599
727,686386521809772549,3408,935
728,686606069955735556,1982,580
729,686618349602762752,3863,1451
730,686683045143953408,2938,853
731,686730991906516992,4343,1279
732,686749460672679938,3633,1552
733,686947101016735744,9020,3385
734,687096057537363968,2349,645
735,687102708889812993,2444,1053
736,687109925361856513,6084,2625
737,687124485711986689,2266,533
738,687127927494963200,5718,2436
739,687312378585812992,4566,2022
740,687317306314240000,21022,9719
741,687460506001633280,2145,576
742,687476254459715584,2069,568
743,687480748861947905,1669,258
744,687494652870668288,1994,610
745,687664829264453632,2029,542
746,687704180304273409,2555,886
747,687807801670897665,2504,746
748,687818504314159109,2620,1009
749,687826841265172480,2854,1197
750,688064179421470721,1809,381
751,688116655151435777,2958,829
752,688179443353796608,2213,621
753,688211956440801280,2331,882
754,688385280030670848,9711,4740
755,688519176466644993,2424,783
756,688547210804498433,2738,747
757,688789766343622656,2324,704
758,688804835492233216,1008,206
759,688828561667567616,1446,397
760,688894073864884227,2339,738
761,688898160958271489,2205,841
762,688908934925697024,2211,823
763,688916208532455424,2862,927
764,689143371370250240,2119,546
765,689154315265683456,3211,1068
766,689275259254616065,1212,260
767,689280876073582592,2086,759
768,689283819090870273,3443,1175
769,689289219123089408,2361,996
770,689517482558820352,3556,1523
771,689557536375177216,2142,488
772,689599056876867584,12170,5892
773,689623661272240129,2336,682
774,689659372465688576,10837,4122
775,689661964914655233,3351,989
776,689835978131935233,2259,799
777,689877686181715968,3170,1257
778,689905486972461056,2542,737
779,689977555533848577,1432,475
780,689999384604450816,1495,396
781,690005060500217858,3840,1793
782,690015576308211712,2630,788
783,690021994562220032,2919,1101
784,690248561355657216,1754,438
785,690360449368465409,2763,948
786,690374419777196032,3417,913
787,690400367696297985,1960,480
788,690597161306841088,2049,639
789,690649993829576704,1367,296
790,690690673629138944,2434,849
791,690728923253055490,2271,550
792,690735892932222976,3952,1356
793,690932576555528194,3435,1086
794,690938899477221376,4315,2114
795,690959652130045952,3764,1338
796,691090071332753408,1791,358
797,691096613310316544,3093,940
798,691321916024623104,2691,702
799,691416866452082688,20209,8148
800,691444869282295808,2778,896
801,691459709405118465,4253,1225
802,691483041324204033,2482,599
803,691675652215414786,2035,537
804,691756958957883396,3024,1088
805,691820333922455552,4136,1763
806,692017291282812928,2995,1012
807,692142790915014657,1718,418
808,692158366030913536,2249,845
809,692187005137076224,2641,870
810,692417313023332352,9765,3698
811,692530551048294401,1934,441
812,692535307825213440,3349,1443
813,692568918515392513,4554,1633
814,692752401762250755,7150,3861
815,692828166163931137,3020,934
816,692894228850999298,2384,860
817,692901601640583168,1867,644
818,692905862751522816,2552,929
819,692919143163629568,2791,794
820,693095443459342336,1961,490
821,693109034023534592,1799,652
822,693155686491000832,8244,3398
823,693231807727280129,2997,778
824,693262851218264065,2337,533
825,693280720173801472,3519,1315
826,693486665285931008,1864,671
827,693590843962331137,5297,2100
828,693622659251335168,1619,392
829,693629975228977152,2559,848
830,693642232151285760,2654,441
831,693647888581312512,2827,627
832,693942351086120961,1810,391
833,694001791655137281,3553,1094
834,694183373896572928,3083,987
835,694206574471057408,4375,2158
836,694329668942569472,2096,532
837,694352839993344000,2136,660
838,694356675654983680,1574,305
839,694669722378485760,37382,15376
840,694905863685980160,2882,989
841,695051054296211456,2786,837
842,695064344191721472,1680,637
843,695074328191332352,2974,1177
844,695095422348574720,2760,655
845,695314793360662529,3803,1558
846,695409464418041856,9044,3798
847,695446424020918272,4561,1927
848,695629776980148225,4775,2226
849,695767669421768709,1959,792
850,695794761660297217,3336,830
851,695816827381944320,3146,1238
852,696405997980676096,3356,1211
853,696488710901260288,2655,1094
854,696713835009417216,2481,682
855,696754882863349760,1543,378
856,696877980375769088,2550,754
857,696886256886657024,5064,1907
858,696894894812565505,2443,714
859,696900204696625153,3335,1087
860,697242256848379904,2631,707
861,697255105972801536,3155,1229
862,697259378236399616,3435,1053
863,697270446429966336,4887,1978
864,697463031882764288,3565,1463
865,697482927769255936,2524,712
866,697575480820686848,2135,530
867,697596423848730625,3167,1339
868,697616773278015490,3305,1074
869,697881462549430272,3153,1266
870,697943111201378304,2506,728
871,697990423684476929,3438,1375
872,697995514407682048,1601,354
873,698178924120031232,2926,787
874,698195409219559425,17514,6329
875,698262614669991936,4965,2135
876,698342080612007937,2365,1006
877,698355670425473025,1956,481
878,698549713696649216,2429,656
879,698635131305795584,1347,361
880,698703483621523456,1516,402
881,698710712454139905,2587,725
882,698907974262222848,2651,660
883,698953797952008193,2825,958
884,698989035503689728,3531,1043
885,699036661657767936,2722,1269
886,699072405256409088,3144,1262
887,699079609774645248,2564,697
888,699088579889332224,2340,668
889,699323444782047232,3306,916
890,699370870310113280,1966,464
891,699413908797464576,2164,654
892,699423671849451520,1435,349
893,699434518667751424,2266,538
894,699446877801091073,6208,2775
895,699691744225525762,10711,4884
896,699775878809702401,2048,642
897,699779630832685056,2890,1319
898,699788877217865730,2343,528
899,699801817392291840,3200,1016
900,700002074055016451,3459,1427
901,700029284593901568,2161,620
902,700062718104104960,2761,739
903,700143752053182464,7871,2914
904,700151421916807169,2340,705
905,700167517596164096,2763,792
906,700462010979500032,4326,1911
907,700505138482569216,2383,603
908,700518061187723268,2758,851
909,700747788515020802,23872,9928
910,700796979434098688,2544,1017
911,700847567345688576,2538,530
912,700864154249383937,2707,652
913,700890391244103680,2315,609
914,701214700881756160,12763,5436
915,701545186879471618,2779,651
916,701570477911896070,2943,989
917,701601587219795968,2183,484
918,701889187134500865,3710,1460
919,701952816642965504,3986,1083
920,701981390485725185,3605,1053
921,702217446468493312,5016,1421
922,702276748847800320,2580,812
923,702321140488925184,3428,1096
924,702539513671897089,3000,1013
925,702598099714314240,12744,3642
926,702671118226825216,2297,598
927,702684942141153280,3364,1149
928,702932127499816960,2701,765
929,703041949650034688,27562,13320
930,703079050210877440,7733,3296
931,703268521220972544,2053,578
932,703356393781329922,2001,409
933,703382836347330562,3664,1201
934,703407252292673536,2562,737
935,703425003149250560,3962,1457
936,703611486317502464,4029,1607
937,703631701117943808,2708,729
938,703769065844768768,3436,1204
939,703774238772166656,1916,496
940,704054845121142784,3047,965
941,704113298707505153,1934,593
942,704347321748819968,1661,367
943,704364645503647744,8384,3774
944,704480331685040129,3540,1121
945,704499785726889984,3063,1061
946,704761120771465216,6919,3077
947,704819833553219584,2752,1057
948,704847917308362754,5329,1630
949,704859558691414016,2353,581
950,704871453724954624,4451,1178
951,705066031337840642,2265,638
952,705102439679201280,2242,542
953,705223444686888960,2688,857
954,705239209544720384,3127,794
955,705428427625635840,3987,1797
956,705442520700944385,4645,1742
957,705475953783398401,3087,978
958,705591895322394625,3309,1221
959,705786532653883392,2034,556
960,705898680587526145,2480,591
961,705970349788291072,3277,944
962,705975130514706432,3237,782
963,706166467411222528,5374,1708
964,706265994973601792,2856,976
965,706291001778950144,1773,496
966,706310011488698368,22351,8476
967,706346369204748288,3603,977
968,706516534877929472,3231,1098
969,706538006853918722,3606,1496
970,706593038911545345,2247,666
971,706644897839910912,2693,1159
972,706681918348251136,3473,1024
973,706901761596989440,2153,638
974,707014260413456384,2404,631
975,707021089608753152,4246,1451
976,707038192327901184,2287,843
977,707059547140169728,2692,718
978,707297311098011648,2885,842
979,707315916783140866,2577,680
980,707377100785885184,3426,1145
981,707387676719185920,3654,1380
982,707411934438625280,2385,632
983,707420581654872064,2373,733
984,707610948723478529,17701,6809
985,707693576495472641,3587,1065
986,707741517457260545,2605,649
987,707776935007539200,3426,1005
988,707969809498152960,2813,1027
989,707995814724026368,3267,1189
990,708026248782585858,4553,2029
991,708109389455101952,2014,575
992,708119489313951744,2795,1039
993,708130923141795840,3528,888
994,708149363256774660,4458,1635
995,708349470027751425,2449,782
996,708356463048204288,3767,1415
997,708469915515297792,3216,869
998,708479650088034305,2656,713
999,708711088997666817,2660,767
1000,708738143638450176,2861,867
1001,708810915978854401,17211,7369
1002,708834316713893888,1764,535
1003,708845821941387268,3106,950
1004,709042156699303936,4955,1740
1005,709158332880297985,2125,447
1006,709198395643068416,2516,677
1007,709207347839836162,13137,6195
1008,709225125749587968,2507,606
1009,709409458133323776,2724,733
1010,709449600415961088,2321,612
1011,709519240576036864,1551,253
1012,709556954897764353,3433,1125
1013,709566166965075968,3687,1274
1014,709852847387627521,3657,1267
1015,709901256215666688,705,105
1016,709918798883774466,3108,1129
1017,710117014656950272,5733,2112
1018,710140971284037632,2880,943
1019,710153181850935296,3033,948
1020,710269109699739648,2495,1196
1021,710272297844797440,4722,1332
1022,710283270106132480,2227,546
1023,710588934686908417,4737,1988
1024,710658690886586372,2403,597
1025,710833117892898816,2801,570
1026,710844581445812225,2658,735
1027,710997087345876993,4743,1471
1028,711008018775851008,3121,653
1029,711306686208872448,3451,774
1030,711363825979756544,3809,1200
1031,711652651650457602,4031,975
1032,711694788429553666,34213,19382
1033,711732680602345472,9259,4368
1034,711743778164514816,2959,1040
1035,711968124745228288,8397,2446
1036,711998809858043904,0,132
1037,712065007010385924,2355,662
1038,712085617388212225,3383,509
1039,712092745624633345,3063,948
1040,712097430750289920,3952,1098
1041,712438159032893441,5545,1659
1042,712668654853337088,4323,1286
1043,712717840512598017,12870,5294
1044,712809025985978368,19357,7134
1045,713175907180089344,4639,1540
1046,713177543487135744,7496,2996
1047,713411074226274305,4590,1369
1048,713761197720473600,5081,1457
1049,713900603437621249,2955,783
1050,713919462244790272,3414,821
1051,714141408463036416,4485,1487
1052,714214115368108032,2361,931
1053,714251586676113411,3398,887
1054,714258258790387713,3142,757
1055,714606013974974464,3773,979
1056,714631576617938945,3398,1061
1057,714957620017307648,4304,1504
1058,714982300363173890,3910,1094
1059,715009755312439296,4333,1314
1060,715200624753819648,5327,1997
1061,715220193576927233,2513,692
1062,715342466308784130,3153,721
1063,715360349751484417,5688,1666
1064,715680795826982913,4497,1716
1065,715696743237730304,4056,1360
1066,715733265223708672,4859,1786
1067,715928423106027520,3314,923
1068,716080869887381504,6996,2032
1069,716285507865542656,2889,1150
1070,716439118184652801,2464,224
1071,716791146589110272,6229,1518
1072,716802964044845056,4455,1247
1073,717009362452090881,3400,1029
1074,717047459982213120,6526,2023
1075,717421804990701568,3272,889
1076,717537687239008257,5983,1944
1077,717790033953034240,3003,1193
1078,717841801130979328,2551,627
1079,718234618122661888,4038,1064
1080,718246886998687744,2008,529
1081,718454725339934721,5060,1595
1082,718460005985447936,2802,557
1083,718540630683709445,2583,1072
1084,718613305783398402,2535,508
1085,718631497683582976,19654,8551
1086,718939241951195136,5451,1867
1087,718971898235854848,3629,1158
1088,719332531645071360,3551,1008
1089,719339463458033665,4588,1323
1090,719367763014393856,2905,784
1091,719551379208073216,5256,2036
1092,719704490224398336,4740,1533
1093,719991154352222208,5023,1848
1094,720043174954147842,5101,2124
1095,720059472081784833,4042,1192
1096,720340705894408192,2984,1032
1097,720389942216527872,6661,2663
1098,720415127506415616,4296,1587
1099,720775346191278080,2579,716
1100,720785406564900865,3242,814
1101,721001180231503872,2632,652
1102,721503162398597120,4841,1981
1103,722613351520608256,5164,1731
1104,722974582966214656,4278,1662
1105,723179728551723008,5505,1985
1106,723673163800948736,3147,943
1107,723688335806480385,8017,3161
1108,723912936180330496,4060,1296
1109,724004602748780546,4355,1668
1110,724046343203856385,2770,593
1111,724049859469295616,4496,1871
1112,724405726123311104,5515,1744
1113,724771698126512129,2468,679
1114,724983749226668032,3864,1378
1115,725729321944506368,5398,1885
1116,725786712245440512,4335,1437
1117,725842289046749185,7347,2810
1118,726224900189511680,4593,1217
1119,726828223124897792,3695,1064
1120,726887082820554753,3994,1595
1121,726935089318363137,7163,2597
1122,727175381690781696,4034,1459
1123,727286334147182592,3169,865
1124,727314416056803329,3464,796
1125,727524757080539137,4651,1291
1126,727644517743104000,6141,1851
1127,727685679342333952,3047,671
1128,728015554473250816,4265,1161
1129,728035342121635841,4738,1767
1130,728046963732717569,4483,1247
1131,728387165835677696,3820,1015
1132,728409960103686147,5112,2123
1133,728653952833728512,3445,1100
1134,728751179681943552,2887,718
1135,728760639972315136,4864,1809
1136,728986383096946689,3289,866
1137,729113531270991872,1965,348
1138,729463711119904772,6045,2451
1139,729823566028484608,4153,1314
1140,729838605770891264,1776,408
1141,729854734790754305,4208,1196
1142,730196704625098752,5096,2038
1143,730211855403241472,3992,1120
1144,730427201120833536,3610,1106
1145,730573383004487680,5123,2286
1146,730924654643314689,6384,2102
1147,731156023742988288,3998,1349
1148,731285275100512256,3630,1045
1149,732005617171337216,15569,5796
1150,732375214819057664,8436,2681
1151,732585889486888962,3836,819
1152,732726085725589504,3679,936
1153,732732193018155009,2543,567
1154,733109485275860992,51379,17842
1155,733460102733135873,4388,1357
1156,733482008106668032,3280,1008
1157,733822306246479872,3817,1068
1158,733828123016450049,3743,823
1159,734776360183431168,2617,579
1160,734787690684657664,13103,6683
1161,734912297295085568,2851,548
1162,735137028879360001,3262,1029
1163,735256018284875776,3486,941
1164,735274964362878976,13575,5391
1165,735635087207878657,6446,2495
1166,735648611367784448,4181,1169
1167,735991953473572864,3750,1222
1168,736010884653420544,8235,3158
1169,736225175608430592,8485,2938
1170,736365877722001409,4164,1327
1171,736736130620620800,4499,1842
1172,737310737551491075,15329,7888
1173,737322739594330112,3768,861
1174,737445876994609152,10742,4747
1175,737678689543020544,5262,1416
1176,737800304142471168,10434,3679
1177,737826014890496000,5500,1869
1178,738156290900254721,2642,697
1179,738166403467907072,9192,3615
1180,738184450748633089,4497,1284
1181,738402415918125056,3397,893
1182,738537504001953792,5318,1661
1183,738883359779196928,3479,863
1184,738885046782832640,3935,1215
1185,739238157791694849,121153,61776
1186,739485634323156992,7508,3128
1187,739544079319588864,41457,22755
1188,739606147276148736,5611,1764
1189,739844404073074688,3961,908
1190,739932936087216128,4236,1148
1191,739979191639244800,20861,6304
1192,740214038584557568,6993,2093
1193,740359016048689152,3447,911
1194,740365076218183684,2587,463
1195,740373189193256964,36389,14158
1196,740676976021798912,18977,7227
1197,740699697422163968,2963,832
1198,740711788199743490,3560,993
1199,740995100998766593,6693,2951
1200,741067306818797568,9881,3288
1201,741303864243200000,9169,3449
1202,741438259667034112,3839,888
1203,741743634094141440,8555,2940
1204,741793263812808706,4774,1605
1205,742150209887731712,5369,1661
1206,742161199639494656,4539,1466
1207,742385895052087300,7119,2117
1208,742423170473463808,10283,4042
1209,742465774154047488,7590,4147
1210,742528092657332225,4630,2125
1211,743210557239623680,4017,1456
1212,743222593470234624,6475,2028
1213,743253157753532416,4423,1301
1214,743510151680958465,8275,3942
1215,743545585370791937,3681,995
1216,743595368194129920,19316,7013
1217,743609206067040256,4682,1472
1218,743895849529389061,3813,1020
1219,743980027717509120,4351,1158
1220,744234799360020481,163979,83427
1221,744334592493166593,7076,2279
1222,744709971296780288,5849,1665
1223,744971049620602880,8248,2876
1224,744995568523612160,3112,662
1225,745057283344719872,7566,2426
1226,745314880350101504,7516,2960
1227,745422732645535745,8982,2593
1228,745433870967832576,7429,2705
1229,745712589599014916,7319,2477
1230,745789745784041472,4220,1138
1231,746056683365994496,3716,868
1232,746131877086527488,7244,2352
1233,746369468511756288,6459,1754
1234,746507379341139972,4856,1155
1235,746726898085036033,6327,1913
1236,746790600704425984,5111,1697
1237,746818907684614144,5560,1846
1238,746872823977771008,6285,2297
1239,746906459439529985,3020,316
1240,747103485104099331,10046,4259
1241,747204161125646336,3539,983
1242,747219827526344708,5535,1690
1243,747461612269887489,4047,1099
1244,747512671126323200,5819,1695
1245,747594051852075008,3873,1122
1246,747600769478692864,2432,588
1247,747816857231626240,5081,1243
1248,747844099428986880,2947,803
1249,747885874273214464,3095,1052
1250,747933425676525569,6947,2726
1251,747963614829678593,6064,2293
1252,748307329658011649,3846,761
1253,748324050481647620,3883,819
1254,748346686624440324,5497,1329
1255,748568946752774144,2291,718
1256,748575535303884801,6366,2124
1257,748692773788876800,4451,1422
1258,748699167502000129,4966,1710
1259,748705597323898880,2903,1015
1260,748932637671223296,6138,2419
1261,748977405889503236,11260,3640
1262,749036806121881602,3259,838
1263,749064354620928000,5030,1623
1264,749317047558017024,5759,2371
1265,749395845976588288,9048,3714
1266,749403093750648834,2758,583
1267,749417653287129088,6403,1782
1268,749774190421639168,4890,1406
1269,749981277374128128,5368,2626
1270,749996283729883136,3195,869
1271,750011400160841729,3411,974
1272,750026558547456000,2850,843
1273,750041628174217216,3339,664
1274,750056684286914561,3303,959
1275,750071704093859840,8270,3585
1276,750086836815486976,2284,584
1277,750101899009982464,3190,906
1278,750117059602808832,4559,1394
1279,750132105863102464,3822,1368
1280,750147208377409536,3262,1036
1281,750383411068534784,4787,1221
1282,750429297815552001,13867,4623
1283,750506206503038976,4674,1234
1284,750719632563142656,13899,5412
1285,750868782890057730,5026,1486
1286,751132876104687617,5344,1397
1287,751205363882532864,6637,1967
1288,751251247299190784,13149,6302
1289,751456908746354688,3369,1074
1290,751538714308972544,5301,1358
1291,751583847268179968,4634,1194
1292,751598357617971201,8314,3269
1293,751830394383790080,6112,2105
1294,751937170840121344,5485,1446
1295,752173152931807232,6264,1985
1296,752309394570878976,0,17953
1297,752334515931054080,4020,1184
1298,752519690950500352,7768,3704
1299,752660715232722944,4646,1695
1300,752682090207055872,6297,1725
1301,752917284578922496,7266,1697
1302,753026973505581056,4103,1049
1303,753294487569522689,3574,1120
1304,753375668877008896,8036,2507
1305,753398408988139520,6088,2067
1306,753420520834629632,8357,3839
1307,753655901052166144,6159,2338
1308,754120377874386944,8262,2516
1309,754449512966619136,3948,789
1310,754482103782404096,5587,2098
1311,754747087846248448,2711,561
1312,754856583969079297,7247,2719
1313,754874841593970688,0,8608
1314,755110668769038337,22378,11929
1315,755206590534418437,17364,5801
1316,755955933503782912,7737,3110
1317,756275833623502848,6778,1637
1318,756288534030475264,45170,18808
1319,756303284449767430,4159,1167
1320,756526248105566208,10968,3890
1321,756651752796094464,5339,1409
1322,756939218950160384,7021,2166
1323,756998049151549440,6615,2136
1324,757354760399941633,4757,1532
1325,757393109802180609,6152,1883
1326,757400162377592832,15975,7364
1327,757596066325864448,4589,1139
1328,757597904299253760,0,314
1329,757611664640446465,4805,1203
1330,757725642876129280,4790,1310
1331,757729163776290825,0,8729
1332,757741869644341248,7270,3502
1333,758041019896193024,2858,403
1334,758355060040593408,3621,1168
1335,758405701903519748,5493,2080
1336,758467244762497024,5075,2402
1337,758474966123810816,4034,1070
1338,758740312047005698,6048,1729
1339,758828659922702336,11795,4132
1340,758854675097526272,3747,962
1341,759047813560868866,6870,2178
1342,759099523532779520,15333,4498
1343,759159934323924993,0,1249
1344,759197388317847553,6391,2099
1345,759447681597108224,8964,2638
1346,759557299618865152,4961,1264
1347,759566828574212096,0,22755
1348,759793422261743616,6295,2047
1349,759846353224826880,7094,2137
1350,759923798737051648,15507,6113
1351,760190180481531904,6017,1949
1352,760252756032651264,4160,933
1353,760290219849637889,28355,12385
1354,760539183865880579,8010,3914
1355,760641137271070720,5233,1392
1356,760656994973933572,6976,2078
1357,760893934457552897,4037,1052
1358,761004547850530816,11954,3743
1359,761227390836215808,5613,1678
1360,761292947749015552,4718,1185
1361,761334018830917632,5493,1566
1362,761371037149827077,0,19382
1363,761599872357261312,4365,1267
1364,761672994376806400,52402,31329
1365,761745352076779520,4494,929
1366,761750502866649088,0,4245
1367,761976711479193600,5706,2183
1368,762035686371364864,33831,16851
1369,762316489655476224,5095,1217
1370,762464539388485633,10905,4532
1371,762471784394268675,11927,6989
1372,762699858130116608,12862,3913
1373,763103485927849985,7789,2462
1374,763183847194451968,5710,1588
1375,763837565564780549,13320,4507
1376,764259802650378240,6403,1635
1377,764857477905154048,6801,1910
1378,765222098633691136,12297,3658
1379,765371061932261376,7509,2334
1380,765395769549590528,27983,3671
1381,765669560888528897,5497,1317
1382,765719909049503744,7664,2324
1383,766008592277377025,3966,535
1384,766069199026450432,4524,928
1385,766078092750233600,0,2810
1386,766313316352462849,7179,2031
1387,766423258543644672,6372,1727
1388,766693177336135680,4262,856
1389,766793450729734144,5373,1468
1390,767122157629476866,10721,3077
1391,767191397493538821,12985,4114
1392,767500508068192258,7918,2523
1393,767754930266464257,16968,5817
1394,767884188863397888,5031,1517
1395,768193404517830656,11549,3831
1396,768473857036525572,14452,3709
1397,768596291618299904,5313,1380
1398,768609597686943744,4352,1310
1399,768855141948723200,4441,961
1400,768970937022709760,15263,7082
1401,769212283578875904,5714,1853
1402,769695466921623552,6765,1792
1403,769940425801170949,33321,10448
1404,770069151037685760,8044,2492
1405,770093767776997377,0,3288
1406,770293558247038976,6610,1609
1407,770414278348247044,6667,2234
1408,770655142660169732,7763,1885
1409,770772759874076672,5498,1530
1410,770787852854652928,5244,1320
1411,771004394259247104,0,237
1412,771014301343748096,7278,1797
1413,771102124360998913,6615,1556
1414,771136648247640064,9724,3181
1415,771171053431250945,0,8191
1416,771380798096281600,11155,5524
1417,771500966810099713,8780,2844
1418,771770456517009408,12719,3680
1419,772102971039580160,4246,1005
1420,772114945936949249,2878,511
1421,772117678702071809,3982,797
1422,772152991789019136,4005,1212
1423,772193107915964416,6381,1498
1424,772581559778025472,6868,1830
1425,772615324260794368,0,3658
1426,772826264096874500,8478,2527
1427,772877495989305348,9106,4198
1428,773191612633579521,10589,4451
1429,773247561583001600,9990,3487
1430,773308824254029826,24673,8100
1431,773547596996571136,23451,6686
1432,773670353721753600,5641,1404
1433,773704687002451968,7004,1765
1434,773922284943896577,6788,1875
1435,773985732834758656,11392,4207
1436,774314403806253056,23117,6048
1437,774639387460112384,7129,1875
1438,774757898236878852,9076,1921
1439,775085132600442880,16507,5132
1440,775364825476165632,7886,3227
1441,775729183532220416,13731,4966
1442,775733305207554048,14710,4351
1443,775842724423557120,12443,2903
1444,775898661951791106,0,17842
1445,776088319444877312,1942,165
1446,776113305656188928,12480,4727
1447,776201521193218049,10202,2737
1448,776218204058357768,31908,17351
1449,776477788987613185,9401,3036
1450,776813020089548800,5180,1318
1451,776819012571455488,0,14951
1452,777189768882946048,15229,4704
1453,777621514455814149,9320,2707
1454,777641927919427584,0,4623
1455,777684233540206592,11937,3204
1456,777885040357281792,6764,1784
1457,778027034220126208,6970,1762
1458,778039087836069888,9009,2864
1459,778286810187399168,11057,3591
1460,778383385161035776,6214,1205
1461,778396591732486144,0,13320
1462,778408200802557953,14530,4730
1463,778624900596654080,4941,1098
1464,778650543019483137,6137,1624
1465,778748913645780993,7337,1446
1466,778990705243029504,21300,7904
1467,779056095788752897,15738,4923
1468,779123168116150273,12554,3966
1469,779377524342161408,9381,3388
1470,779834332596887552,20196,7722
1471,780192070812196864,9266,2434
1472,780459368902959104,5625,1164
1473,780476555013349377,0,126
1474,780496263422808064,0,4042
1475,780543529827336192,6714,1885
1476,780601303617732608,12871,3630
1477,780800785462489090,5855,1414
1478,780858289093574656,7667,2179
1479,780931614150983680,23054,7998
1480,781163403222056960,10400,2982
1481,781251288990355457,8982,2287
1482,781524693396357120,22095,6039
1483,781661882474196992,11122,2953
1484,781955203444699136,11837,3664
1485,782021823840026624,0,6809
1486,782305867769217024,17768,6076
1487,782598640137187329,8283,2041
1488,782722598790725632,18421,5888
1489,782747134529531904,7950,1520
1490,782969140009107456,25711,8022
1491,783085703974514689,8669,2420
1492,783334639985389568,31147,12774
1493,783347506784731136,0,6111
1494,783391753726550016,17982,6005
1495,783466772167098368,9013,2458
1496,783695101801398276,11135,3518
1497,783821107061198850,7844,2133
1498,783839966405230592,32057,11794
1499,784431430411685888,6069,1397
1500,784517518371221505,9567,2773
1501,784826020293709826,10818,3530
1502,785170936622350336,12905,5311
1503,785264754247995392,7754,1782
1504,785533386513321988,9718,2186
1505,785639753186217984,8336,2421
1506,785872687017132033,7127,1992
1507,785927819176054784,12127,3460
1508,786036967502913536,0,7722
1509,786233965241827333,16338,5218
1510,786363235746385920,11652,3828
1511,786595970293370880,10052,3384
1512,786664955043049472,11383,2795
1513,786709082849828864,19409,6657
1514,786963064373534720,28394,8721
1515,787322443945877504,8321,1908
1516,787397959788929025,11591,3101
1517,787717603741622272,10908,3042
1518,787810552592695296,9270,3345
1519,788039637453406209,6564,1449
1520,788070120937619456,0,3743
1521,788150585577050112,6567,1428
1522,788178268662984705,7728,2313
1523,788412144018661376,16661,5795
1524,788765914992902144,29307,11271
1525,788908386943430656,29289,13549
1526,789137962068021249,10376,3060
1527,789268448748703744,9746,2823
1528,789530877013393408,12569,3690
1529,789599242079838210,7235,2119
1530,789628658055020548,8030,1950
1531,789986466051088384,9878,2536
1532,790277117346975746,13412,3486
1533,790337589677002753,8355,2042
1534,790581949425475584,22096,7875
1535,790698755171364864,8757,2088
1536,790723298204217344,0,2536
1537,790946055508652032,17751,5142
1538,790987426131050500,10568,2342
1539,791026214425268224,0,4507
1540,791312159183634433,9401,2785
1541,791406955684368384,14025,4509
1542,791672322847637504,12577,3420
1543,792050063153438720,7663,1974
1544,792394556390137856,14391,4696
1545,792773781206999040,7853,1840
1546,792883833364439040,12096,4690
1547,792913359805018113,15334,4404
1548,793120401413079041,13573,4285
1549,793135492858580992,6928,2736
1550,793150605191548928,6602,1869
1551,793165685325201412,10056,3046
1552,793180763617361921,7413,2184
1553,793195938047070209,16339,6168
1554,793210959003287553,9552,3082
1555,793226087023144960,10524,3134
1556,793241302385262592,11243,3592
1557,793256262322548741,21390,9148
1558,793271401113350145,9243,2595
1559,793286476301799424,26316,10092
1560,793500921481273345,11438,2607
1561,793601777308463104,8526,1791
1562,793614319594401792,0,3420
1563,793845145112371200,9848,2059
1564,793962221541933056,17994,5361
1565,794205286408003585,9840,3630
1566,794332329137291264,10244,2906
1567,794355576146903043,0,11271
1568,794926597468000259,11000,2524
1569,794983741416415232,0,3690
1570,795076730285391872,17362,5953
1571,795400264262053889,10807,3146
1572,795464331001561088,53261,26117
1573,796031486298386433,11557,4024
1574,796080075804475393,9045,2541
1575,796116448414461957,9730,2655
1576,796149749086875649,34602,15703
1577,796177847564038144,0,15703
1578,796387464403357696,11765,4569
1579,796484825502875648,8103,1932
1580,796759840936919040,12687,3357
1581,796865951799083009,8201,2087
1582,797236660651966464,21355,7263
1583,797545162159308800,15507,5323
1584,797971864723324932,12459,3446
1585,798209839306514432,11097,2803
1586,798340744599797760,0,3680
1587,798628517273620480,0,2154
1588,798644042770751489,0,2029
1589,798665375516884993,0,4262
1590,798673117451325440,0,6066
1591,798694562394996736,0,5436
1592,798697898615730177,0,7134
1593,798925684722855936,7958,1568
1594,798933969379225600,14075,4903
1595,799063482566066176,8637,2699
1596,799297110730567681,10596,3034
1597,799422933579902976,8603,2100
1598,799757965289017345,8991,2371
1599,799774291445383169,0,5132
1600,800018252395122689,30357,14431
1601,800141422401830912,16368,2811
1602,800388270626521089,11914,3078
1603,800443802682937345,0,4727
1604,800459316964663297,10114,2364
1605,800513324630806528,14045,3294
1606,800751577355128832,11221,3039
1607,801115127852503040,8630,2287
1608,801167903437357056,26193,6512
1609,801285448605831168,6471,916
1610,801538201127157760,8757,2248
1611,801958328846974976,8245,1870
1612,802239329049477120,9690,2854
1613,802265048156610565,7053,1497
1614,802323869084381190,17352,6381
1615,802572683846291456,9547,2737
1616,802624713319034886,0,3204
1617,802952499103731712,9657,2201
1618,803276597545603072,10721,2700
1619,803380650405482500,8289,2032
1620,803638050916102144,11728,4521
1621,803692223237865472,0,8148
1622,803773340896923648,10727,3037
1623,804026241225523202,47677,17776
1624,804413760345620481,0,3530
1625,804738756058218496,14657,4214
1626,805207613751304193,8328,1865
1627,805487436403003392,9361,2775
1628,805520635690676224,6128,1801
1629,805826884734976000,7031,2007
1630,805932879469572096,8831,2092
1631,805958939288408065,0,5888
1632,806219024703037440,6864,1306
1633,806242860592926720,0,12774
1634,806542213899489280,10912,2588
1635,806629075125202948,80233,38143
1636,807010152071229440,13932,4191
1637,807059379405148160,0,8022
1638,807106840509214720,126812,60831
1639,807621403335917568,15553,4024
1640,808001312164028416,13425,3870
1641,808106460588765185,9326,2403
1642,808134635716833280,0,6512
1643,808501579447930884,12031,2853
1644,808733504066486276,8442,2373
1645,808838249661788160,10782,3327
1646,809084759137812480,14095,3836
1647,809220051211603969,21260,6144
1648,809448704142938112,7392,1605
1649,809808892968534016,0,5361
1650,809920764300447744,16528,4275
1651,810254108431155201,15660,3668
1652,810284430598270976,37795,12459
1653,810657578271330305,11695,2897
1654,810896069567610880,9653,1955
1655,810984652412424192,5681,1566
1656,811386762094317568,22296,6991
1657,811627233043480576,13631,3414
1658,811744202451197953,8048,1755
1659,811985624773361665,7743,1537
1660,812372279581671427,14606,4010
1661,812466873996607488,8512,2107
1662,812503143955202048,6476,1331
1663,812709060537683968,7059,1562
1664,812781120811126785,8084,2089
1665,813051746834595840,22343,8014
1666,813066809284972545,8485,2125
1667,813081950185472002,10527,3027
1668,813096984823349248,11224,3934
1669,813112105746448384,11002,3012
1670,813127251579564032,12633,3415
1671,813142292504645637,8979,2575
1672,813157409116065792,8267,2422
1673,813172488309972993,9936,2089
1674,813187593374461952,21124,4778
1675,813202720496779264,9789,1961
1676,813217897535406080,19899,7976
1677,813800681631023104,8889,1919
1678,813812741911748608,38725,15299
1679,813910438903693312,9898,2054
1680,813944609378369540,0,3486
1681,814153002265309185,30647,9472
1682,814530161257443328,9218,2028
1683,814638523311648768,12003,2957
1684,814986499976527872,8135,1410
1685,815390420867969024,11024,4159
1686,815639385530101762,8745,1793
1687,815736392542261248,10465,2480
1688,815966073409433600,23869,9268
1689,815990720817401858,5318,1135
1690,816014286006976512,0,5796
1691,816091915477250048,9487,2355
1692,816336735214911488,9147,2134
1693,816450570814898180,32516,8853
1694,816697700272001025,10426,2405
1695,816816676327063552,10632,2217
1696,816829038950027264,0,5142
1697,817056546584727552,9111,1802
1698,817120970343411712,12942,2856
1699,817171292965273600,9277,2194
1700,817181837579653120,0,9268
1701,817415592588222464,5971,1049
1702,817423860136083457,36343,16294
1703,817536400337801217,12539,3303
1704,817777686764523521,11372,2914
1705,817827839487737858,55076,29592
1706,818145370475810820,13058,2830
1707,818259473185828864,11721,2488
1708,818536468981415936,11585,2698
1709,818588835076603904,0,6686
1710,818614493328580609,10476,2813
1711,818627210458333184,23562,8108
1712,819004803107983360,92019,39983
1713,819006400881917954,47968,20604
1714,819015331746349057,0,20604
1715,819015337530290176,0,39983
1716,819227688460238848,24505,7287
1717,819347104292290561,7660,1314
1718,819588359383371776,10154,2142
1719,819711362133872643,14279,3404
1720,819924195358416896,13650,5262
1721,819952236453363712,5647,1286
1722,820078625395449857,21026,6841
1723,820314633777061888,3537,614
1724,820446719150292993,0,2811
1725,820690176645140481,12941,3498
1726,820749716845686786,33460,10767
1727,821044531881721856,13441,2490
1728,821107785811234820,10163,2312
1729,821149554670182400,9243,2190
1730,821407182352777218,12473,4718
1731,821522889702862852,8504,1929
1732,821765923262631936,8922,1809
1733,821813639212650496,0,3630
1734,821886076407029760,12026,2541
1735,822244816520155136,37098,10690
1736,822462944365645825,30145,15903
1737,822489057087389700,19240,6955
1738,822610361945911296,15652,3227
1739,822647212903690241,0,6955
1740,822859134160621569,14012,2483
1741,822872901745569793,140159,47583
1742,822975315408461824,18297,3729
1743,823269594223824897,0,10690
1744,823322678127919110,16664,4355
1745,823581115634085888,13803,2867
1746,823699002998870016,13314,2618
1747,823939628516474880,11260,2937
1748,824297048279236611,15928,4196
1749,824325613288833024,12470,11252
1750,824663926340194305,10661,1883
1751,824775126675836928,15841,3810
1752,824796380199809024,0,5953
1753,825026590719483904,6715,1384
1754,825147591692263424,19357,4952
1755,825535076884762624,55035,18605
1756,825829644528148480,13459,2694
1757,825876512159186944,11054,2024
1758,826115272272650244,16540,3399
1759,826204788643753985,5159,1008
1760,826240494070030336,14029,2804
1761,826476773533745153,19455,4537
1762,826598365270007810,10640,2541
1763,826848821049180160,38491,11044
1764,826958653328592898,22778,5413
1765,827199976799354881,11155,2425
1766,827324948884643840,16739,3314
1767,827600520311402496,7813,1024
1768,827653905312006145,16247,3244
1769,827933404142436356,21241,5641
1770,828011680017821696,10919,2318
1771,828046555563323392,12398,3091
1772,828372645993398273,13226,3183
1773,828376505180889089,7782,1148
1774,828381636999917570,13306,2407
1775,828408677031882754,8068,1388
1776,828409743546925057,6631,1243
1777,828650029636317184,10006,1456
1778,828708714936930305,38580,12117
1779,828770345708580865,26931,6332
1780,829011960981237760,55820,17510
1781,829141528400556032,25795,7994
1782,829374341691346946,36450,10036
1783,829449946868879360,11021,2190
1784,829501995190984704,33438,11444
1785,829861396166877184,12874,2105
1786,829878982036299777,0,5413
1787,830097400375152640,10339,3236
1788,830583320585068544,70399,18122
1789,830956169170665475,8379,1612
1790,831262627380748289,12537,2208
1791,831309418084069378,12338,2626
1792,831315979191906304,6867,1201
1793,831322785565769729,9689,1644
1794,831552930092285952,9460,2468
1795,831650051525054464,7554,2087
1796,831670449226514432,10985,1949
1797,831911600680497154,29080,7021
1798,831939777352105988,25214,6594
1799,832032802820481025,18733,4986
1800,832040443403784192,0,10448
1801,832215726631055365,0,10092
1802,832273440279240704,11875,2508
1803,832369877331693569,18034,3428
1804,832397543355072512,12540,2390
1805,832636094638288896,16641,2996
1806,832757312314028032,17678,3887
1807,832769181346996225,0,40
1808,832998151111966721,13955,2380
1809,833124694597443584,21204,5196
1810,833479644947025920,15596,2219
1811,833722901757046785,21739,3448
1812,833826103416520705,18878,4005
1813,833863086058651648,14071,2580
1814,834086379323871233,13711,2380
1815,834167344700198914,16533,3900
1816,834209720923721728,21621,5128
1817,834458053273591808,10076,1798
1818,834574053763584002,14347,2716
1819,834786237630337024,22226,5888
1820,834931633769889797,11356,1767
1821,835152434251116546,23553,3235
1822,835172783151792128,27402,6147
1823,835264098648616962,8106,1825
1824,835297930240217089,17212,3215
1825,835574547218894849,18655,3879
1826,836001077879255040,19999,4593
1827,836260088725786625,22268,4594
1828,836380477523124226,15431,3174
1829,836677758902222849,13205,2374
1830,836753516572119041,20125,4934
1831,836989968035819520,13320,2459
1832,837110210464448512,16771,2555
1833,837366284874571778,22119,5661
1834,837471256429613056,13380,2449
1835,837482249356513284,4012,471
1836,837820167694528512,35775,8393
1837,838083903487373313,18437,3373
1838,838476387338051585,23610,5137
1839,838561493054533637,11417,1412
1840,838916489579200512,0,36
1841,838921590096166913,11671,2216
1842,839239871831150596,28430,6976
1843,839290600511926273,0,154
1844,839549326359670784,28752,8299
1845,839990271299457024,14008,2445
1846,840268004936019968,20124,6111
1847,840370681858686976,17176,4846
1848,840632337062862849,9359,1868
1849,840696689258311684,12820,1042
1850,841077006473256960,23843,5646
1851,841314665196081154,16505,4992
1852,841439858740625411,13151,3909
1853,841680585030541313,26715,8243
1854,841833993020538882,0,16294
1855,842115215311396866,14586,3221
1856,842163532590374912,25467,6165
1857,842535590457499648,18829,3720
1858,842765311967449089,7018,1354
1859,842846295480000512,15832,3820
1860,843235543001513987,22367,6416
1861,843604394117681152,17556,2923
1862,843856843873095681,22269,4910
1863,844223788422217728,14169,2332
1864,844580511645339650,17125,3327
1865,844704788403113984,40219,10943
1866,844973813909606400,15689,3402
1867,844979544864018432,14141,2730
1868,845306882940190720,24200,5698
1869,845397057150107648,7921,1912
1870,845677943972139009,26056,5055
1871,845812042753855489,30381,9235
1872,846042936437604353,16581,3062
1873,846153765933735936,32842,9581
1874,846514051647705089,46246,12239
1875,846874817362120707,20778,4138
1876,847116187444137987,22159,3372
1877,847157206088847362,20636,6170
1878,847251039262605312,21167,4523
1879,847606175596138505,19423,3574
1880,847842811428974592,5658,1414
1881,847962785489326080,24301,5367
1882,847971574464610304,0,448
1883,848212111729840128,16858,3226
1884,848324959059550208,25556,4829
1885,848690551926992896,26008,4536
1886,849051919805034497,43801,8938
1887,849336543269576704,11778,1982
1888,849412302885593088,16364,3297
1889,849776966551130114,31377,7972
1890,850019790995546112,21059,5125
1891,850145622816686080,16809,4012
1892,850380195714523136,13432,2737
1893,850753642995093505,31857,9694
1894,851224888060895234,21255,5973
1895,851464819735769094,24909,7400
1896,851591660324737024,16628,3621
1897,851861385021730816,0,23
1898,851953902622658560,0,10035
1899,852189679701164033,11751,1656
1900,852226086759018497,20496,7085
1901,852311364735569921,33913,10288
1902,852553447878664193,16747,3659
1903,852672615818899456,15270,2245
1904,852912242202992640,9269,1911
1905,853299958564483072,15865,3707
1906,853639147608842240,35573,10524
1907,853760880890318849,29164,5995
1908,854010172552949760,16518,3265
1909,854120357044912130,32570,7742
1910,854365224396361728,19249,4854
1911,854482394044301312,29819,7094
1912,854732716440526848,23224,6304
1913,855459453768019968,30378,8451
1914,855851453814013952,46080,18219
1915,856282028240666624,28088,6488
1916,856526610513747968,11987,1932
1917,856543823941562368,16448,2951
1918,857029823797047296,19141,4103
1919,857263160327368704,20213,4616
1920,857393404942143489,5967,1683
1921,857746408056729600,34591,10858
1922,857989990357356544,16273,2635
1923,858107933456039936,15859,2965
1924,858471635011153920,21677,4936
1925,858843525470990336,15652,3540
1926,859074603037188101,34095,13852
1927,859196978902773760,90538,30695
1928,859607811541651456,18706,1600
1929,859851578198683649,15491,3563
1930,859924526012018688,19645,4147
1931,860184849394610176,16753,5932
1932,860276583193509888,18383,3519
1933,860524505164394496,23736,5354
1934,860563773140209665,7545,2185
1935,860924035999428608,0,832
1936,861005113778896900,16761,3838
1937,861288531465048066,17254,4199
1938,861383897657036800,36202,10826
1939,862096992088072192,74687,23532
1940,862457590147678208,20567,5003
1941,862722525377298433,17084,3554
1942,862831371563274240,19189,5142
1943,863062471531167744,8532,2467
1944,863079547188785154,8773,1113
1945,863432100342583297,23822,5289
1946,863553081350529029,15300,4209
1947,863907417377173506,20601,4169
1948,864197398364647424,30120,8983
1949,864279568663928832,14605,3047
1950,864873206498414592,32242,8750
1951,865006731092295680,27930,7721
1952,865359393868664832,26408,5021
1953,865718153858494464,25558,5638
1954,866334964761202691,52354,14467
1955,866450705531457537,121771,35351
1956,866686824827068416,19233,3482
1957,867051520902168576,32070,7866
1958,867072653475098625,0,121
1959,867421006826221569,16018,2504
1960,867774946302451713,33751,7334
1961,867900495410671616,24029,4174
1962,868552278524837888,10054,2094
1963,868622495443632128,26536,5284
1964,868880397819494401,65068,14426
1965,869227993411051520,20269,3770
1966,869596645499047938,15826,3122
1967,869702957897576449,27957,6315
1968,869772420881756160,41978,9971
1969,870063196459192321,36271,8299
1970,870308999962521604,21596,4126
1971,870374049280663552,81820,26031
1972,870656317836468226,12273,2624
1973,870804317367881728,33221,6154
1974,871032628920680449,22393,3782
1975,871515927908634625,19939,3422
1976,871762521631449091,19995,3441
1977,871879754684805121,37411,11030
1978,872122724285648897,33924,8031
1979,872261713294495745,33714,6245
1980,872486979161796608,40071,8914
1981,872620804844003328,20485,3641
1982,872820683541237760,14491,3641
1983,872967104147763200,26927,5337
1984,873213775632977920,7122,1564
1985,873580283840344065,23815,3882
1986,874012996292530176,34002,10238
1987,874057562936811520,22295,3895
1988,874296783580663808,25612,4034
1989,874680097055178752,27342,4559
1990,875021211251597312,25023,4640
1991,875144289856114688,21555,4840
1992,875747767867523072,24756,4217
1993,876120275196170240,27431,4596
1994,876484053909872640,18430,2355
1995,876838120628539392,20325,3272
1996,877201837425926144,26630,5474
1997,877316821321428993,26889,5079
1998,877556246731214848,22309,3731
1999,877611172832227328,0,79
2000,877736472329191424,78267,18698
2001,878057613040115712,41248,6678
2002,878281511006478336,7596,1263
2003,878776093423087618,19036,4044
2004,879008229531029506,18616,2640
2005,879050749262655488,22112,4616
2006,879376492567855104,16472,3049
2007,879415818425184262,103830,43326
2008,879492040517615616,22978,3110
2009,879862464715927552,21913,3418
2010,880095782870896641,27091,4257
2011,880221127280381952,26518,4121
2012,880465832366813184,27984,6136
2013,880872448815771648,20858,3738
2014,880935762899988482,16693,2724
2015,881268444196462592,22640,5066
2016,881536004380872706,48465,15599
2017,881666595344535552,49604,10435
2018,881906580714921986,23844,3316
2019,882045870035918850,28783,4854
2020,882268110199369728,44054,11332
2021,882627270321602560,27389,5940
2022,882762694511734784,27746,4797
2023,882992080364220416,23484,3833
2024,883117836046086144,36437,6514
2025,883360690899218434,22242,3617
2026,883482846933004288,45028,9702
2027,883838122936631299,21476,3372
2028,884162670584377345,19951,2917
2029,884441805382717440,26473,5527
2030,884562892145688576,23823,4583
2031,884876753390489601,27383,5477
2032,884925521741709313,75899,17831
2033,885167619883638784,21495,4281
2034,885311592912609280,0,18121
2035,885528943205470208,35275,6275
2036,885984800019947520,32005,6612
2037,886258384151887873,27451,6138
2038,886366144734445568,20783,3127
2039,886680336477933568,21996,4358
2040,886736880519319552,11826,3201
2041,886983233522544640,34450,7586
2042,887101392804085760,29980,5820
2043,887343217045368832,33013,10162
2044,887473957103951883,67652,17744
2045,887517139158093824,45359,11407
2046,887705289381826560,29586,5266
2047,888078434458587136,21329,3409
2048,888554962724278272,19438,3461
2049,888804989199671297,25066,4183
2050,888917238123831296,28543,4399
2051,889278841981685760,24749,5240
2052,889531135344209921,14818,2193
2053,889638837579907072,26619,4417
2054,889665388333682689,47172,9796
2055,889880896479866881,27265,4856
2056,890006608113172480,30061,7157
2057,890240255349198849,31284,7198
2058,890609185150312448,27262,4176
2059,890729181411237888,64071,18404
2060,890971913173991426,11602,2014
2061,891087950875897856,19855,3042
2062,891327558926688256,39506,9142
2063,891689557279858688,41324,8441
2064,891815181378084864,24558,4059
2065,892177421306343426,32614,6128
2066,892420643555336193,37998,8300
